4.94272 28.9022
15.4075 91.1986
34.4267 163.251
48.2541 308.646
54.3685 485.12
53.2065 742.401
119.707 972.43
165.413 1246.87
213.1 1692.18
219.923 1947.03
158.509 2530.92
295.798 2669.65
434.161 3432.83
352.784 3844.72
355.938 4588.18
457.328 5154.49
681.503 5665.98
396.114 6339.65
301.035 7123.11
667.742 8156.88
482.696 8794.05
695.867 9734.11
720.739 10396.8
556.449 11577.5
639.197 12527.1
656.494 13369.8
596.717 14335.4
654.334 15450.5
902.475 16907.4
657.397 17903.3
854.812 19535.7
1042.63 20412.4
954.223 21906.2
982.231 23384.3
1030.87 24294.2
1542.27 25833.6
1062.43 27499.5
1121.27 29072.9
1082.66 30248.2
1190.02 31849
1486.61 33415.7
1500.69 35213.4
1375.62 37059.5
1479.65 38517.5
1587.61 40759.9
2155.18 42443.6
1643.29 44213.7
1620.36 46419.8
1279.21 47675.2
1718.14 50354
1985.87 52090.6
1790.02 54359.7
1503.15 55710.5
1593.77 58510
1932.26 60019.4
2177.4 62779.9
2650.87 65053.8
1981.61 67685.6
2122.31 69250.1
1857.76 72520.6
2416.51 74682.9
2289.72 77046.7
1684.89 79396.7
2476.28 82066.9
2169.6 84641.4
2436.49 87149.7
2911.16 89821.6
3124.49 92112.5
1996.22 95616.7
2046.93 97635.7
2070.61 101091
2633.33 104084
3325.92 106327
2651.98 109542
2269.62 112739
3156.78 115645
2760.06 118533
2842.67 121632
3605.71 125156
4133.54 127527
3025.08 131803
3038.05 134276
3348.25 138032
3275.08 140780
2796.16 144609
3226.6 148126
2715.2 151331
3546.75 154061
4557.58 158539
3692.52 162165
3634.54 165849
3406.53 168863
3296.99 173169
3889.88 175900
3803.28 180150
4068.32 184831
3978.93 188257
3915.4 192572
3436.73 196248
3642.58 199565
